function p = sonnleitner_param

p.b1     = 0.7374;
p.b2     = 0.1964;
p.b3     = 0.9334;
p.d2     = 0.4047;
p.a1     = 0.3589;
p.a3     = 0.5968;
p.ks     = 1.3513; 
p.ko     = 0.1095;
p.ke     = 0.17;
p.Ks     = 0.1;
p.Ko     = 0.0005;
p.Ke     = 0.1;
p.Ki     = 10.0; 
p.kla    = 200; 
p.Sin    = 9.14;
p.Ein    = 0.0; 
p.O2in   = 1.0; 
p.O2star = 0.0075;

end

