function out=TCHT(p,G,h,Tsup,d)
% trans-critical heat transfer
% Look-up table of Hussam Zahlan, PhD Thesis Ottawa (2015)
% Nuclear Engineering and Design 285 (2015) 109–125
%
%  Thomas Schulenberg, Dec. 2020
%
% Input data
% p pressure [bar]           from 190 to 300 bar
% G mass flux [kg/m2s]       from 100 to 5000 kg/m2s
% h enthalpy [kJ/kg]         from 1000 to 3000 kJ/kg
% Tsup wall superheat [K]    up to 500 K
% d tube diameter [m]
%
% Output 
% heat transfer coefficient [W/m2K]
%
% data of the look-up table:
Tsupt=[10 20 50 100 200 300 400 500];                         % [K]
pt=[190 200 210 220 225 230 240 250 260 280 300];             % [bar] 
Gt=[100 200 400 700 1000 1500 2000 3000 5000];                % [kg/m2s]
ht=[1000 1400 1600 1800 1900 2000 2050 2100 2150 2200 2250 2300 2400 2500 2600 2700 3000];
% heat transfer data [kW/m2K]
HT=[...
2.2	1.6	1.2	0.9	0.7	0.6	0.6	0.6	0.6	0.6	0.7	0.7	0.8	0.9	1	1.1	1	;
2.1	1.5	1.1	0.8	0.6	0.6	0.5	0.6	0.6	0.6	0.6	0.7	0.8	0.9	1	1.1	1	;
1.9	1.4	1	0.7	0.6	0.5	0.5	0.5	0.5	0.5	0.6	0.6	0.7	0.8	0.9	1	0.9	;
1.5	1.2	0.9	0.7	0.5	0.5	0.4	0.5	0.5	0.5	0.5	0.6	0.6	0.7	0.8	0.9	0.8	;
1.1	0.9	0.8	0.6	0.5	0.4	0.4	0.4	0.4	0.4	0.5	0.5	0.6	0.7	0.8	0.8	0.8	;
0.9	0.9	0.7	0.6	0.4	0.4	0.4	0.4	0.4	0.4	0.4	0.5	0.5	0.6	0.7	0.8	0.8	;
0.9	0.9	0.7	0.6	0.4	0.4	0.4	0.4	0.4	0.4	0.4	0.4	0.5	0.6	0.7	0.8	0.7	;
0.9	0.9	0.7	0.6	0.4	0.4	0.3	0.3	0.4	0.4	0.4	0.4	0.5	0.6	0.7	0.7	0.7	;
4	3.1	2.4	1.8	1.5	1.4	1.5	1.5	1.6	1.7	1.8	1.9	2	2.2	2.3	2.3	1.9	;
3.8	2.9	2.2	1.7	1.4	1.3	1.4	1.5	1.5	1.6	1.7	1.8	2	2.1	2.2	2.2	1.9	;
3.4	2.5	1.9	1.5	1.3	1.2	1.3	1.4	1.4	1.5	1.6	1.7	1.8	1.9	2	1.9	1.7	;
2.6	2	1.6	1.3	1.1	1.1	1.2	1.2	1.3	1.3	1.4	1.5	1.6	1.6	1.6	1.5	1.4	;
1.7	1.5	1.3	1.1	1	1	1	1.1	1.1	1.1	1.2	1.2	1.3	1.3	1.3	1.2	1.2	;
1.4	1.4	1.2	1	0.9	0.8	0.9	0.9	0.9	0.9	1	1	1.1	1.1	1.2	1.2	1.2	;
1.4	1.4	1.2	0.9	0.8	0.7	0.7	0.7	0.8	0.8	0.8	0.9	1	1.1	1.2	1.2	1.2	;
1.4	1.4	1.1	0.9	0.8	0.7	0.7	0.7	0.7	0.7	0.8	0.8	0.9	1.1	1.2	1.3	1.2	;
6.6	5.2	3.9	3	2.5	2.4	2.6	2.8	2.9	3.1	3.3	3.6	3.8	4.1	4.2	4.1	3.6	;
6.2	4.9	3.7	2.8	2.4	2.3	2.5	2.6	2.8	3	3.2	3.4	3.7	4	4.2	4.1	3.6	;
5.5	4.3	3.2	2.5	2.1	2.1	2.2	2.4	2.5	2.6	2.8	3	3.3	3.5	3.6	3.6	3.1	;
4.3	3.4	2.6	2.1	1.8	1.8	1.9	2	2.1	2.2	2.3	2.5	2.6	2.7	2.8	2.7	2.5	;
2.9	2.5	2.1	1.7	1.5	1.5	1.6	1.6	1.7	1.7	1.8	1.9	2	2.1	2.2	2.2	2.2	;
2.3	2.2	1.8	1.6	1.4	1.3	1.3	1.3	1.4	1.4	1.5	1.6	1.7	1.9	2	2.1	2.1	;
2.2	2.1	1.8	1.5	1.3	1.2	1.2	1.2	1.2	1.3	1.3	1.5	1.6	1.9	2.1	2.2	2.1	;
2.2	2.1	1.8	1.5	1.2	1.1	1.1	1.1	1.2	1.2	1.3	1.4	1.6	1.9	2.1	2.2	2.1	;
10.7	8.7	6.9	5.4	4.5	4.3	4.4	4.7	4.9	5.3	5.7	6.1	6.5	6.7	6.7	6.4	5.6	;
10.1	8.3	6.5	5.1	4.2	4	4.2	4.4	4.7	5	5.4	5.9	6.4	6.7	6.6	6.3	5.5	;
8.8	7.2	5.6	4.4	3.7	3.6	3.7	3.9	4.2	4.5	4.9	5.4	5.8	6.1	6	5.7	5	;
6.8	5.4	4.3	3.4	3	2.9	3	3.2	3.3	3.5	3.8	4.1	4.5	4.7	4.8	4.7	4.3	;
4.4	3.9	3.2	2.7	2.4	2.3	2.3	2.4	2.5	2.6	2.8	3	3.3	3.5	3.7	3.8	3.7	;
3.4	3.3	2.8	2.4	2	1.9	1.9	1.9	2	2.1	2.2	2.5	2.8	3.1	3.4	3.6	3.5	;
3.3	3.2	2.8	2.3	1.9	1.7	1.7	1.7	1.8	1.9	2.1	2.3	2.6	3	3.3	3.5	3.4	;
3.3	3.2	2.7	2.2	1.8	1.7	1.7	1.7	1.8	1.9	2	2.3	2.6	3	3.3	3.5	3.4	;
14.6	12.3	10.5	8.8	7.4	6.8	6.9	7.3	7.7	8.3	9	9.8	10.4	10.7	10.6	9.9	8.3	;
13.6	11.4	9.6	8	6.8	6.4	6.6	6.9	7.4	8	8.8	9.6	10.3	10.6	10.5	9.7	8.3	;
11.9	9.8	8	6.6	5.8	5.6	5.8	6.2	6.6	7.3	8.1	9.1	9.7	9.9	9.6	8.9	7.6	;
9.3	7.5	6.1	5.1	4.6	4.5	4.6	4.8	5.2	5.7	6.4	7.2	7.8	8	7.9	7.4	6.5	;
6.4	5.5	4.7	3.9	3.4	3.3	3.3	3.4	3.6	3.9	4.3	4.8	5.4	5.8	6.1	6.1	5.6	;
4.9	4.7	4	3.4	2.9	2.7	2.6	2.7	2.8	3	3.3	3.7	4.3	4.8	5.3	5.4	5.1	;
4.6	4.5	3.9	3.2	2.7	2.4	2.4	2.5	2.6	2.8	3	3.4	4	4.5	5	5.2	4.9	;
4.6	4.5	3.8	3.1	2.6	2.4	2.4	2.4	2.6	2.7	3	3.4	3.9	4.5	4.9	5.1	4.8	;
19.2	16.5	14.4	12.5	11.2	10.9	11.4	12.2	13.1	14.1	15.2	16.3	17	17	16.4	15	12.4	;
18	15.6	13.4	11.5	10.4	10.3	10.8	11.6	12.5	13.5	14.6	15.7	16.5	16.7	16.2	14.9	12.6	;
15.6	13.4	11.1	9.4	8.7	8.8	9.5	10.2	11	12	13.3	14.5	15.4	15.6	15.2	14.2	11.9	;
11.9	10.1	8.4	7.2	6.7	6.9	7.3	7.9	8.5	9.4	10.5	11.8	12.7	13.1	13	12.3	10.3	;
8.2	7.5	6.5	5.6	5.1	5	5.2	5.5	5.9	6.5	7.3	8.2	9.2	10	10.3	10.1	8.6	;
6.8	6.6	5.7	4.9	4.3	4	4.1	4.3	4.6	5	5.6	6.4	7.4	8.2	8.7	8.7	7.7	;
6.5	6.3	5.4	4.6	3.9	3.7	3.8	3.9	4.2	4.6	5.1	5.8	6.6	7.4	7.9	8	7.2	;
6.4	6.2	5.3	4.4	3.8	3.6	3.6	3.8	4.1	4.4	4.9	5.5	6.2	7	7.6	7.8	7	;
25.3	21.5	17.9	15.3	14.2	14.6	15.9	17.2	18.6	19.9	21.1	22	22.5	22.3	21.2	19.2	15.3	;
23.5	20.4	16.9	14.4	13.4	13.9	15.2	16.5	17.9	19.2	20.5	21.6	22.2	22.1	20.9	18.7	14.8	;
20.3	17.2	14.2	12.2	11.6	12.3	13.5	14.7	16	17.3	18.6	19.8	20.7	20.7	19.9	18	14.2	;
15.7	13.2	11	9.7	9.3	9.8	10.6	11.6	12.6	13.7	15	16.3	17.4	17.9	17.5	16.2	13.3	;
11	10	8.7	7.6	7.2	7.3	7.8	8.5	9.2	10.1	11.1	12.3	13.4	14.2	14.4	13.8	11.8	;
9.1	8.8	7.6	6.6	6	6	6.3	6.8	7.4	8.1	9	9.9	11	11.8	12.3	12.1	10.6	;
8.5	8.4	7.2	6.2	5.5	5.4	5.7	6.1	6.6	7.1	7.8	8.6	9.6	10.5	11	11.1	9.8	;
8.4	8.2	7.1	6	5.2	5.1	5.3	5.7	6.2	6.7	7.3	8.1	9	9.9	10.5	10.6	9.5	;
36.6	30.7	24.7	20.3	18.2	18.7	20.3	22.3	24.2	26.1	27.7	29.1	30	30	28.8	26.2	20.2	;
33.8	28.7	23.2	19.1	17.3	18	19.6	21.5	23.4	25.3	27.1	28.7	29.7	29.8	28.6	25.9	20	;
29	24.4	19.8	16.6	15.5	16.3	17.9	19.7	21.5	23.2	25	26.6	27.9	28.3	27.4	24.9	19.4	;
22.3	19	15.7	13.5	12.8	13.5	14.9	16.3	17.9	19.4	20.9	22.5	24	24.7	24.3	22.5	17.7	;
15.4	14.2	12.3	10.9	10.4	10.9	11.9	13	14.3	15.5	16.7	18	19.3	20.1	20.2	19.2	15.8	;
12.6	12.2	10.7	9.5	8.9	9.2	10	10.9	11.8	12.8	13.9	15	16.1	17.1	17.5	17	14.6	;
11.9	11.6	10.1	8.7	8	8.1	8.6	9.3	10.1	11	11.9	12.9	14.1	15.2	15.8	15.7	13.8	;
11.6	11.3	9.8	8.4	7.5	7.5	7.9	8.6	9.3	10.1	11	12	13.3	14.4	15.1	15.1	13.5	;
51.8	42.1	32.3	24.9	20.7	20.1	21.3	23.1	25.1	27.2	29.5	31.8	33.8	34.8	34.4	32.4	27.6	;
47.9	39.7	30.5	23.4	19.7	19.3	20.6	22.3	24.2	26.3	28.7	31.2	33.2	34.1	33.6	31.7	26.9	;
40.9	33.8	26.1	20.5	17.9	18	19.3	20.9	22.6	24.4	26.5	28.7	30.6	31.6	31.4	29.8	25.6	;
31	26	20.8	17.1	15.5	15.8	17	18.4	19.8	21.3	23	24.9	26.9	28.2	28.5	27.4	23.8	;
21.7	19.7	16.7	14.4	13.2	13.5	14.4	15.6	16.9	18.2	19.7	21.5	23.3	24.9	25.5	24.9	22	;
17.7	16.9	14.7	12.8	11.8	11.9	12.7	13.7	14.9	16.2	17.6	19.2	21.1	22.6	23.4	23.1	20.7	;
16.6	16	14	12.1	11	11.1	11.8	12.7	13.8	15	16.4	18	19.8	21.3	22.2	22	19.8	;
16.3	15.8	13.8	11.8	10.7	10.7	11.3	12.3	13.3	14.5	15.8	17.4	19.1	20.7	21.6	21.4	19.3	;
2.2	1.8	1.4	1	0.8	0.7	0.7	0.7	0.8	0.8	0.9	1	1.1	1.2	1.2	1.2	0.9	;
2	1.7	1.3	0.9	0.7	0.6	0.6	0.6	0.7	0.7	0.8	0.9	1	1.1	1.1	1.1	0.9	;
1.7	1.4	1	0.7	0.6	0.5	0.5	0.5	0.6	0.6	0.7	0.7	0.8	0.9	1	1	0.8	;
1.3	1	0.8	0.6	0.5	0.4	0.4	0.4	0.5	0.5	0.5	0.6	0.7	0.8	0.9	0.9	0.7	;
0.9	0.8	0.6	0.5	0.4	0.4	0.4	0.4	0.4	0.4	0.5	0.5	0.6	0.7	0.7	0.8	0.7	;
0.7	0.7	0.6	0.5	0.4	0.3	0.3	0.3	0.3	0.4	0.4	0.5	0.5	0.6	0.7	0.7	0.6	;
0.7	0.7	0.6	0.5	0.4	0.3	0.3	0.3	0.3	0.3	0.4	0.4	0.5	0.6	0.6	0.7	0.6	;
0.7	0.7	0.6	0.5	0.4	0.3	0.3	0.3	0.3	0.3	0.4	0.4	0.5	0.6	0.6	0.7	0.6	;
4.2	3.5	2.7	2.1	1.7	1.6	1.6	1.7	1.9	2	2.2	2.3	2.5	2.6	2.7	2.5	1.9	;
3.9	3.2	2.5	1.9	1.5	1.4	1.4	1.5	1.6	1.8	1.9	2.1	2.3	2.4	2.5	2.4	1.8	;
3.2	2.6	2	1.5	1.2	1.2	1.2	1.3	1.4	1.5	1.6	1.7	1.9	2	2.1	2	1.6	;
2.3	1.9	1.5	1.2	1	1	1	1.1	1.2	1.3	1.4	1.5	1.6	1.6	1.6	1.6	1.4	;
1.4	1.3	1.1	1	0.9	0.9	0.9	0.9	1	1	1.1	1.2	1.3	1.3	1.3	1.3	1.2	;
1.1	1.1	1	0.8	0.7	0.7	0.7	0.8	0.8	0.8	0.9	0.9	1	1.1	1.2	1.2	1.1	;
1.1	1.1	0.9	0.8	0.7	0.6	0.6	0.6	0.7	0.7	0.8	0.8	0.9	1	1.1	1.2	1.1	;
1.1	1.1	0.9	0.8	0.6	0.6	0.6	0.6	0.6	0.7	0.7	0.8	0.9	1	1.1	1.1	1	;
7.1	6.1	4.9	3.7	3	2.8	2.9	3.2	3.4	3.8	4.1	4.5	4.8	4.9	4.8	4.5	3.6	;
6.6	5.7	4.4	3.4	2.7	2.5	2.6	2.8	3.1	3.3	3.7	4	4.4	4.6	4.6	4.3	3.5	;
5.5	4.6	3.5	2.7	2.1	2	2.1	2.3	2.5	2.7	2.9	3.3	3.6	3.8	3.9	3.6	3	;
4	3.3	2.5	2	1.7	1.6	1.7	1.8	2	2.1	2.3	2.5	2.7	2.9	2.9	2.8	2.5	;
2.4	2.2	1.8	1.5	1.4	1.3	1.4	1.4	1.5	1.6	1.7	1.9	2.1	2.2	2.3	2.3	2.2	;
1.8	1.8	1.6	1.3	1.2	1.1	1.1	1.2	1.2	1.3	1.4	1.6	1.8	1.9	2.1	2.1	2	;
1.8	1.7	1.5	1.3	1.1	1	1	1.1	1.1	1.2	1.3	1.4	1.6	1.8	2	2.1	1.9	;
1.7	1.7	1.5	1.2	1	1	1	1	1.1	1.1	1.2	1.4	1.6	1.8	2	2	1.8	;
11.7	10.4	8.7	7	5.6	4.9	4.9	5.3	5.7	6.4	7.2	8	8.4	8.3	7.8	7	5.6	;
10.8	9.9	8.2	6.4	5	4.4	4.4	4.7	5.1	5.7	6.5	7.3	7.8	7.8	7.5	6.7	5.4	;
8.9	8.1	6.6	5.1	4	3.6	3.6	3.9	4.2	4.6	5.2	5.9	6.5	6.7	6.5	6	4.9	;
6.2	5.3	4.2	3.4	2.8	2.7	2.8	2.9	3.1	3.4	3.8	4.3	4.8	5	5.1	4.8	4.2	;
